1.8355983500677409
0.07979332119675786
123.17888651418836
0.9931511869024161
1.3669014824527546
1.066823705388809
0.06574785394123402
0.074047600363659
2.8302410468436245
0.49397116499886196
96.6656765353425
0.5047075027902014
0.23955553134194824
0.5315740123815481
0.45854604776391883
2.5765919693374975
14.385424263685442
0.40146613118053576
11.186098944024707
1.5773527696640979
36.77047629865582
4.534701439909985
0.616180793380735
0.387037022772689
1.103060644763875
31.46027576756126
30.171218360790192
0.7814829320442264
0.5966358906930084
0.2050929736760694
48.90762150631931
0.06834257044213252
0.6258413670794486
2.185282657752856
1.648901123552124
0.9837485503607077
59.94532636318422
192.0177642320952
0.21340477404710842
1.4975923187972089
2.7622946479697323
0.17633526776421174
0.7247823256837365
0.6507507463375514
0.501953807188143
0.2768582309972811
0.29773635025330714
0.9714206510436445
0.1857589968664738
0.05513634196882625
40.36180172532064
1.006968500527119
21.432373021436764
1.2275345250219594
1.945958738943721
124.39914183867674
79.5842880731612
1.599722734633349
135.64372543122943
1.46923536000307
17.936040241893842
0.169528356928162
56.68869518610677
3.1898493808308808
41.54023827354586
0.2685834833127931
0.7169281648302122
85.39414373562761
158.983084187553
1.7262060694420154
0.4085651187562257
40.50753692867935
2.9579586617133455
3.282983693481224
5.145866006790317
0.01361003653210221
1.360556037005922
1.8390872891506256
8.521630424312056
4.393501415562775
25.966506722071703
12.80317083868388
0.5565247930376753
9.566286523978167
1.5607312563445541
107.03165545578109
0.6297386722123646
0.18854170186848754
1.5501181398534172
0.12568641838346276
0.8881379882971773
1.528342081280286
173.7411270171336
84.09477003189318
0.028951651714950368
34.004612697330394
0.4800460458320112
0.24702024952540144
3.0750698570103747
0.20087387089143424
2.1660338677736766
100.38657294685954
0.05949233092479695
0.8290357320695868
0.28170688739466954
1.7438279755224904
0.29811819904963954
0.20764388435522757
1.0613207286157176
83.47319326475406
4.4857314937142725
217.48643252368157
132.26565185332834
1.0301743436405977
43.13530881348966
0.9706889499553029
1.1046609726460765
0.1216942179533
0.9175629083663192
2.9580751042995255
1.4257906641154565
83.34495121538447
115.01743297498321
0.326305911190936
2.035710504241821
0.20699020941021132
2.4966672582819958
56.23994915893146
0.5046019653738885
0.4309539157085142
21.92976893076616
0.3733868512192744
72.89637717715786
145.62092684009826
46.07642334299861
1.4277725397359184
0.42323976733367447
3.632778677304377
0.5007877673324307
83.26893949407486
0.06506140554899795
53.63806058275869
1.6297486990828254
0.08040919907928978
0.18207454870313527
8.1961875303259
1.3927029454166648
0.3579262556342615
0.47453036917591157
34.399814373929324
13.14275222069773
1.2082595898615887
1.3831245723544496
1.9212689538478473
2.879838341956733
1.1009171592548757
1.9306105292862683
0.31494858603875703
118.69294941226497
25.17494910607904
275.66325703790267
0.1984985428728539
3.5588839037327653
1.7100270212774453
57.771584556909886
1.625840831991437
40.21612989388267
47.23492403427836
0.3370222304811286
1.3808398098363706
8.872576821502506
121.95840892095337
11.11088580862304
0.07414789558521832
1.0212623753829058
0.2911848417162404
12.773240882890153
2.9599810177539507
33.733254185803
5.7856600852578035
0.6270494353222642
0.34697193096710416
1.7243104918682213
0.07834830765227432
0.8926717717908238
27.913649393326743
0.8829755291621024
28.50509639469545
1.6581645879270757
25.77951911872482
11.78326886487634
10.701976227799772
1.6813188043815932
126.8198340221572
16.166677472294587
0.4301239163985457
23.84222631522054
0.9361791484619045
44.10105885081391
97.12143295559639
2.4252986599997297
1.1875391419722179
0.2848222912010505
6.18361933390469
0.6016715001542564
0.6893584396220699
110.49621226991995
8.917231300272833
1.9983159535289785
127.71948805952951
60.77775520950361
1.7741641467378684
1.3258987174821923
0.6833872596762993
0.24944947732957454
79.16112935171222
71.13787408899064
17.912606736083394
20.203815872605112
154.97017582279858
54.43578057832077
1.5078518837888835
108.2000774013077
2.356559611796267
1.3838599865811871
41.95798814306148
2.0496894901726694
0.2459905749169733
19.24284111760218
0.22458898260696794
0.7179478521243053
1.863069213191051
1.3362582259504665
180.87712108378693
168.62946210638432
1.3486847906488046
0.641331658131876
120.12017966826973
0.3652374122173672
0.633721774781316
3.467395093289605
12.949321947696575
131.7831991101796
0.16968079062623512
127.57642102484996
0.1275446825823173
1.3034300305854007
2.207405632790093
29.90415575105951
0.13983273652315584
77.05484943837902
122.73045952346253
15.478818639850704
1.2233460752290781
17.577116236336344
0.21546817713776062
0.2763867581083504
0.2764646106604828
0.0009701564340406727
1.3535940706108873
2.2600237695238503
11.748421572885585
0.603741997363002
2.2803730579195105
42.32941075083569
0.35401736467960443
0.2068681814564123
0.355156988923805
0.012948467152964391
0.4868657625846418
0.8125666809501615
0.9221939294296083
0.2970390638644632
0.32460923294751315
0.9375189165692965
24.063371422258204
0.3030022381370686
3.112954676346492
1.19075080084636
0.13177767455028588
0.7120068651696452
99.38454252147045
89.47852300393203
2.847374597453637
142.7305989828925
0.028063229982680387
0.6205689738791292
14.172943885414966
149.47746620030912
0.13841081563835242
8.555719383950452
1.9894173933310555
0.13567218659060384
0.1890960203249361
38.533232124812905
0.3040374444756957
32.02313079326857
98.50909245458861
0.20448359675512692
0.9692265786199945
59.669325508715005
1.2182000814082774
86.28989322750162
23.032232823952857
0.4370225991460025
0.38018804138847767
52.823808347939504
0.2734915615866339
2.221793638755693
0.39543021170754267
0.7549893098807124
197.25747239947614
0.2690648232711097
37.74702659023607
0.5421577236726773
138.92536391524328
69.09658264895963
0.8126006883743379
0.1804414915750739
0.7677461897931885
0.16316261963586354
108.12860749281268
0.4304721023523774
53.37629427856523
33.0148291878849
0.6505643407909024
0.2833811832320006
26.18616772156919
0.31294288166215206
23.969396044014886
0.23760706899904135
0.08557641372877667
1.4612390202633594
2.889060248209086
2.0930132007644877
0.45237387637637777
1.6481860218471704
1.4013646300243214
0.3134665081487183
46.940745260753395
0.590243385458944
0.10746568363326961
1.6838478994275459
1.9970376743746936
0.8658077894658149
0.6795617071253112
3.2535312887388237
0.8257874824704741
2.123538233365395
21.805074859957937
48.487187520875636
0.013699907802548103
0.17121116545555057
0.14342237769670152
1.156998734843363
0.10436265441810715
0.689905966738385
0.25351424401374945
26.57219884181989
2.9279385393835353
25.50360381641737
0.5935336689542555
78.07557949146586
0.9835251259521222
0.4926808705305431
51.30628869392795
0.13137609494128996
1.6193637242798637
0.2665166641489774
0.5922343322567226
0.4090788351558093
0.10534860344895339
0.008096414325535876
19.398200252810582
1.1909085785754674
5.445664358240277
0.5958568973968017
1.4805608879914742
0.2598140818928677
32.33016028335356
1.2476342620113432
58.95812963361864
124.6994309013813
1.3157578217110009
0.7099156735210106
0.2731562344370162
1.741989167265535
0.23882633777914303
408.08031061543545
15.04941430439152
2.521830656956073
53.040320694570134
25.881776124729555
0.16064722098897052
5.461377695829635
1.7369953263633786
0.06730008622775213
0.26757532139848916
0.5855318479242646
22.56227593403731
1.7840670303781945
7.124132255556826
2.7797267238571313
20.956075237535103
8.120262178354944
0.3173497427049466
14.727590600080068
49.22289920098209
1.051306312179952
46.798984009864384
107.66511801103267
9.188571821601677
0.9455917368986128
1.6832195628670255
0.01237873922647567
0.680035364611099
0.666193702622044
18.124264616238783
55.68424452802686
65.67907672505791
1.8514128304057056
54.02785600462817
292.83624266905747
93.41666491649069
0.23659225817651428
0.33987695135185214
1.2669447068080493
0.7475826935936439
0.7616913695794498
0.23733752356257312
0.2505169409828282
25.1514892545087
0.0582682174622397
18.30276280592951
1.723622815760835
33.539748471030066
1.0403493333312845
1.787674259309068
0.5855293567105635
0.30681552703856535
34.11660175850711
37.369063692882
0.32789886544029173
36.74890468159992
39.587326413043705
0.6702455068008742
1.132226700161827
1.3100869943893394
26.73176955437351
13.00553038671971
126.78392655103688
3.6044862115624725
24.64354188956371
20.668987263329566
0.02267056705150363
10.898076220911804
0.6496900606164943
62.589404776264495
8.389151945856831
0.6101085773456043
0.9289421636178941
2.0268205843502347
1.1069782472943055
1.4270504931014671
0.7476456624842819
3.335724747407821
111.34373985570195
0.24261550019546008
14.241506913792708
0.7199601200096232
0.2172322768197057
1.3928992045429172
2.3723038676843373
5.443049255886145
0.5871449736660308
0.733418415381015
33.67115645921071
1.9954688454029839
27.387781827469432
0.7895277789919496
25.55727137363152
1.3647042586130371
0.5710028894697846
1.352919244809038
23.951636226491928
0.15469232921484072
0.3064891020921549
44.5072279810813
0.23292881965753692
163.52525169824756
1.537884174635767
1.374423845370409
3.272281737497134
0.12089007605865526
1.8019022153698248
0.1788420217630614
0.09205815363907134
0.8982979829539358
21.513121111583573
0.18790140998134275
0.3085300742691178
16.293784356742716
0.196855346958204
0.372494985697861
64.6556079654252
71.6809405362571
0.9479002868585894
0.10776215545673841
5.196930787700307
0.5103078922547394
0.28794744817034196
1.3146018382483318
1.7239021539908392
0.9699527478386805
0.08769942005896472
0.6073324790002311
0.4016914929018826
1.8637125496031268
2.594002886143606
2.0210662918334084
117.1646767707467
56.250450392244424
231.44228083462355
0.0691227468337957
0.8567533926316088
1.236720268586696
95.36813350272315
0.08257572730128743
7.4402579443385175
0.42250767085389707
0.8753315476579967
0.49156344203977326
68.81026555963125
0.5319800974195876
77.21309796249898
0.37831699067575053
0.1368342037132393
1.8270299609480452
0.3020124301652462
0.5941467632816378
0.42794486437906176
169.59132803514456
194.78197680953238
189.24533589920736
24.48074592652022
19.64358192354998
0.16742491356923703
0.1284899178033007
0.8141924395082196
0.35370831538634073
0.12858102129113458
0.4099847728318371
6.862261488333453
238.23978172249645
95.51327783684972
42.09115310435252
0.36041270346750154
0.3405170134475722
0.7876307219654423
19.918556981523004
1.6599051653693977
0.8876505592792538
3.196760576937843
0.9588858528743371
17.27481253443556
75.07176422093526
0.726460282593224
27.989285846503083
0.06930320541057915
0.04948677180203241
66.73243513599286
0.9922860696372132
188.1030587801526
117.20164457944178
20.704953723220658
72.55261770745524
52.326368819164095
0.47623664413771283
0.5821379735515394
0.20780508901321473
6.777813590547584
0.6869681867152053
0.25374840954182126
2.8899209025068076
14.746350710400687
174.09114763832125
0.4664659293711399
2.5191871322793262
0.2701167388401768
32.745695041671254
84.91391418726376
0.016112191346653086
12.645906401468892
2.2826414466159033
3.9650875265412475
218.7550230549011
102.5473031570425
0.7772157364031146
0.2624460150760882
154.52844814171365
11.913730234856686
0.1649573969185723
0.2928348861068257
0.1613156887064388
0.18824735287457162
0.5902443423874288
27.409746425139407
0.04910595155720862
0.10299004432192768
1.042916854119729
0.5266657967995282
0.7578541718137238
0.8237242317888392
1.2725134862856218
0.40289933846114334
0.29364566636735695
0.9173976967233969
0.07344776417924763
55.35114388372335
14.810996607394893
5.482952783812828
0.8376255239208494
134.7601642198821
81.17061168850064
20.352680390645325
48.80689330125719
0.7644041968794728
46.07726794321236
0.511426069513194
1.0764229075606675
0.14735921008298
0.4484367657432721
434.70840164814985
0.00953994725655434
0.3214739967902715
92.89581653164905
48.72826241653148
1.4657537783014556
0.5609176121655601
46.02552502513555
26.49973146567612
1.0537277341286961
1.1607477001612567
21.172662571678547
191.9666366865505
0.6657367050878037
101.8860460271034
96.60306353146193
25.040647741908476
0.4806037393887731
34.59814653212029
0.9574480918398252
4.886374484118872
0.1417076220903746
0.10295617566443863
0.2296022154051183
0.8975591657720304
33.670241001109304
3.13709593946032
3.176039840166412
0.3128126268744902
0.3987147712346687
0.3569220493890476
0.3417226230338727
0.15482615227950974
2.828561995754281
181.2762519169753
34.96991816933946
1.958323600594075
0.6492765220802376
1.6849618498652803
0.7191359821183598
27.565227202305813
25.05297681572343
1.9509212768913045
75.3379691187678
27.807716256404994
0.73113768180184
0.09104806395386904
0.905195589715354
1.5672529078260244
2.3030837335934815
132.18918779591186
2.051427322937415
1.6746318469503012
0.6561259616590879
114.3445582227998
1.538041245446056
4.933548074267323
0.3037619032859952
0.15978391314994808
0.17263723046897797
0.8212881147012527
0.8701221971178212
3.428992858111869
22.967339727981525
134.67668835798358
0.1019836287257915
0.2214563814479864
29.20618116686143
2.330097224967493
28.47467960557931
0.5169115725865119
2.453931689587076
1.3139413953642327
58.13386408804106
1.238535500549274
1.6813668899555663
1.3917596222200637
0.72768219310007
2.363062780096411
3.933452167149033
3.7366761235736985
0.7576106206182759
1.2399976928014909
0.9960613044247109
17.875928599043405
0.466116908731967
0.11660004186023423
6.382050603891619
2.6975732217636175
0.1323937654036106
1.0191973039465565
0.15829009333109792
24.427679146868787
0.04193990853371731
1.2342933979420814
0.2935720639377091
14.388174367619788
0.4922534509077626
0.4503645312546913
111.20036088290908
66.75991963607883
30.21385010790397
118.71800466974643
0.22406291520623492
2.6761252959370796
0.5432818106456836
0.26740217829836943
0.18529860687069669
0.13473087838298858
0.025406319441582864
1.679209491349066
0.052585167655352226
0.4487987290747744
2.3240408223549065
4.558976668205029
45.33236111001589
0.4265224158857674
0.2524466175821277
0.2153173526066863
44.820311602787186
0.27543407627268696
0.028451318980966107
41.38595421377513
1.062022803575359
1.5639113957351665
5.548640080725336
0.23416383720914594
0.5479615355399303
0.23386126391661277
0.7098296787373258
47.820353674547036
3.1846724611974966
1.4906924538039128
1.1344148446356863
27.888703518809542
52.45191549960302
0.7434563096208462
116.19778826216485
12.295100992539773
1.1115213812902802
0.5976641988758007
2.2701705206786302
1.0304712634504194
0.8151596475519839
0.17132277693099998
1.2955555529465634
159.50979710980795
17.298168298863423
36.79844467512217
185.8115703927343
0.38138317672236294
0.432113885226375
11.329222695165988
1.3683570540258796
0.03425101279712645
5.399436569860773
16.809045574793295
1.8253054901973575
3.6720230111773824
2.7235348762630154
1.5620257022689206
23.480157770572873
109.24804392818984
56.68154817149891
0.5074045966371538
0.3413936370354664
22.431086764792546
137.74793871028476
0.4035674861391435
0.9807387121525504
12.13783731968227
0.4849820702877216
2.6018260621847573
0.3586369144210479
0.18724990141765605
38.91941334868615
48.75625639567962
0.21680382398241305
175.1449407022659
0.21773954419497935
22.043155184597648
9.176907757970415
1.4869631802193066
10.392399835462358
3.112840029614824
2.0163479483980855
0.04864233244123754
0.15279363379782832
9.931133168898917
68.67097636986132
0.2776553675581664
2.085576946630078
107.25272387522446
24.997800346983556
5.472868200299742
1.094622371085806
0.15683285565667215
23.70798192444254
0.17859511277035717
2.6075213599578193
1.4451375763184504
1.9880436916879793
0.17883047296928778
0.33372342806282107
0.5886059208197306
1.1872395348058968
85.10758064933924
0.23443350590003945
1.117313770340982
0.10120918154620434
0.34798410883493086
54.423270549332045
66.46209704221101
54.88938507689777
1.5814088672256201
5.887051859272863
81.59891319135146
194.80787984755636
0.2995731114613771
0.11680113432793308
0.05050102032204879
18.66331333605966
1.7611909710659017
0.025076871999358222
104.55824865552721
96.78119525529114
13.00059405940298
86.00088460770152
0.19940354428317947
13.787764020514556
1.0875085709583956
2.6707130281468583
5.5771286293664675
0.6165483734493411
90.24704140830158
1.156943826660832
0.4987060548531635
2.002057720932099
3.4375374746944733
0.7992770530089138
2.665274443522212
1.9119194750538333
91.70474307425415
2.7447091962185
22.586012766822538
41.410283699705985
0.23252437016632066
17.929442501624624
0.575888254551865
0.04066100576403298
11.348084804173144
34.45899120792881
0.22594139203351984
6.946036783220102
0.10738317615032963
0.7494868896914613
117.90820075378676
1.9271308244116365
69.22906622063674
84.85082600367909
1.0542939256143866
0.8912660116442555
0.17858177530942532
33.17542167379354
1.643012392320768
8.034321284609518
96.72879018616544
10.205781846175316
0.6307879861548185
0.03544331926007156
10.949377742409084
77.54777758005942
0.8249340108651769
0.3427231214334151
55.02513974536652
0.18224245502786418
0.772097427470279
0.2340903893565081
2.918311545173006
0.13871512600941116
23.24671061396848
1.2584150090888568
35.73180782062706
0.8297038382106681
1.595535336427121
0.2838081760695311
2.093528007157473
52.663541104038444
188.46192939625556
4.188964352603142
0.3563084587081411
1.1146263010976774
33.27665545161818
0.6087453575828119
0.49318365331613895
3.9173746706340884
1.7023740939630727
0.3245872208893517
15.019790584114993
1.129305708957831
42.276440827375474
111.14610568222115
0.9078351245630024
0.08754620703127242
1.1404116148821315
187.878971932426
0.5538189108674358
0.5789998152864432
0.21201876640395104
0.6523570154468529
40.996981559286226
0.6720196412388378
0.9125709861254298
0.8188023110037819
0.24353217754837628
199.40080177151887
85.13057535658024
33.27434160324718
0.7424463278937399
1.9935764367131201
0.22857814456363343
16.488268854262536
6.066217738734609
19.830058585793676
102.76807259503819
72.3157948029648
0.6407102393173068
1.0937558762090378
35.00710394289748
0.01536506269430915
0.8937626155185412
0.5956111014690578
0.5589008272836267
104.24413993324491
1.3691240176309862
3.055606416011874
106.09355866129683
0.09461931853859429
90.79881361349763
72.3047077593717
145.076522309246
0.14804228936369396
15.761870161929973
0.27763650170724
2.1981832174433023
9.39731734850541
0.2343602728126424
9.535817754587164
1.6686845853625132
0.001183388392766161
83.98483959191783
0.3344189328704805
103.49428551588002
2.8966135385740017
3.074739633806594
40.60486104284418
0.1866738384440917
0.06226511619894874
60.16546718220133
1.0549989267976785
2.507143036875667
0.6104315862448362
0.369140842083671
2.7998121664925373
41.97145667665745
0.7453000245745389
87.31920482278865
0.21518796596363302
