40.86541093507325
0.41305453827822686
637.6423155677784
22.110246161381223
30.430944103938216
23.750396765382977
1.4637260211682743
1.64850094657436
63.00886216219815
10.997141420948875
34.54977166782849
11.236161496209156
5.333157566685142
11.834283059568023
10.20848197746241
13.337870767426214
5.141567736025268
8.937727813168479
57.90545956929567
35.11616205120282
190.34440329109756
23.474132689287476
13.717860081359268
8.616496621992251
24.557129577349585
11.24437735641104
156.18297975813692
17.39793520491816
13.28273739779917
1.061675116103821
17.48032203801017
1.5214914664604426
13.932930722522094
48.65033454353666
36.709022974865306
21.900917902758703
21.425364334405177
993.990571598468
4.750970595838521
33.340477517098805
61.496190552181965
3.925702580449998
16.13562551766891
14.487481242510519
11.174856743802911
6.163617100682074
6.62842081055547
21.62646533989853
4.13550041682882
1.2274849080844181
208.9350978964772
22.417857136991127
110.94586376153984
27.328256641852555
10.073362987872954
44.462130719466785
411.97246675824124
35.61417830352615
702.1672432981968
32.709174501409855
6.4106114723756
3.7741622347620045
293.45216447318256
71.01472158320055
215.03533983423398
5.979398715163167
15.960770538736512
442.04750577316963
822.9847241376186
38.430041290766184
9.095770581344231
209.68950423314016
65.85220358005569
73.0881446490207
114.56097080091092
0.30299642386646886
30.28967723270719
40.94308420675835
3.0457593217170227
97.81128904597949
9.280821387834632
66.27632162633562
12.389755287262
3.4191351776411514
34.746121964742244
554.055281349014
14.019695332977372
4.197450997365231
34.50984513070821
2.79812146050807
19.772366791174132
34.025050849810974
899.3805486933009
30.056739963933058
0.644542497293541
176.02675745744543
10.687130400808103
5.49934249274485
15.918269109624712
4.4719986154892615
48.22180413410746
519.6566443907263
1.324461067769795
18.456589846919773
6.271561377356183
0.6232704362260963
6.636921803148218
4.622717525333391
23.627885537809554
432.1035994674592
23.220637055667936
1125.8305409588356
47.27374011972303
22.93448230986304
223.29231066231947
21.610175683909453
24.592757227883595
2.709244222681093
20.427445529021544
15.312639304558786
31.74197742895057
431.43974740947067
41.10896638324921
1.6891405879957855
45.320451665048154
4.6081649434763285
55.58260251981116
20.101006600217037
11.23381194632724
9.594206084821026
113.5206611830298
8.312606683409584
26.054265352003046
753.8147779469568
238.51715261386698
31.78609936970596
9.422468164409231
80.8755322092857
11.148897525726365
29.761575666318993
1.4484438132531212
19.171052355506056
36.28263792373908
1.7901274334954735
4.053474581352204
42.428017849169095
31.005354833119444
7.96841178267914
10.564336439303297
178.07254078374447
4.697417993510177
0.4318502124165998
30.792114201658634
42.772671544890585
64.11303282458215
24.509409760999016
42.980640417306475
7.011611985497322
614.4206141698495
8.997906749726468
1426.986089165186
4.419117354410934
18.422759268502286
38.06985168187974
299.057801165012
36.19563817536638
208.1810196080653
244.51419548605924
7.503031337088546
30.74124917490215
45.92938440683334
631.3244458364319
57.516114615985785
1.650733790945622
22.736077661549068
6.482566414575001
66.12138755559327
65.89722672504452
12.056774146779977
29.949789271937586
13.959825606786099
7.724538726777191
38.38784057920554
1.7442463860133552
19.873301140756478
144.4965491960167
19.657436412214828
147.55820729474388
36.91525288259585
133.44910585138373
60.99674267709843
3.825047817565564
37.43072870564754
656.4898816202168
83.68769965528115
9.575728043109756
8.52157151088047
20.841893657907697
228.29156911874472
502.7544667237592
53.99374344475407
26.43785065310614
6.340918738007412
32.00984732238591
13.394843758068479
15.34699348344759
571.9897512236801
3.187153045176255
44.487947276734474
45.64887256931726
314.61940973411504
39.497718506905926
29.51811105419484
15.214058780034845
5.553423709623682
28.293382326550354
368.2491378378242
92.7255990070634
7.221148707960909
802.2116821474349
19.456169521074685
33.56888333331911
560.1036821422779
12.198861104871202
30.808486522205786
217.19784512766665
45.63166190583893
5.4764191358997785
99.61163082049279
4.999961492330314
15.983471550805332
41.476987051511685
29.748741883987076
64.64821286482359
872.9197327017446
30.025391006541653
14.277786725110008
621.8087504896437
8.131178009925016
14.108370027673377
77.19364389072763
4.6282830946984745
47.1013042281663
3.77755582340403
660.4063960650029
2.8394914748738618
29.01789698330346
49.14285212831749
154.8005153952152
3.113056971305138
27.540566097642166
43.86571847632983
80.12696038319216
27.235010359537746
90.98891388866807
4.796907559783325
6.153120832067435
6.154854041587434
0.021598320431544454
30.13468492862348
50.31427493994919
4.199063176805906
13.440938656373541
50.76730543678652
15.12917023593576
7.88138924032582
4.605448269386172
7.906760375056416
0.2882680904380091
10.838955841023152
18.089943983634264
20.530544651328615
6.612897319363354
7.226684256514777
20.871720539297222
124.56537242921779
6.745653794721092
69.30283635658242
26.509350913318432
2.933729387132563
15.851209025480477
514.4695784998452
463.1905208466065
63.39030159116102
738.8528360121559
0.6247638135899287
13.815552912319559
73.36702752599754
773.7783671407907
3.081401145687017
3.0579432303608503
0.7110478005754638
3.020431815751172
4.209791633600184
199.46940627317863
6.768700302923188
165.76950684156088
509.9377628323427
4.552360929378528
21.577619321263537
308.88156211220513
27.12044654324939
30.841310122745295
119.227626472089
9.729311481107027
8.46401967149699
273.4453640982454
6.088665884396899
49.46316826735676
8.803351831829332
16.808115129720004
1021.1142105864154
5.990114651574503
195.39956986073443
12.069905253886411
719.1548263249512
357.6822798526277
18.09070108137504
4.017118288802575
17.09211796718904
3.6324436118699666
38.64679619007324
9.583479609286869
19.077493127821878
170.90308840397554
14.483331348137327
6.308835755717272
9.359331544169082
6.966959551831094
124.0789036886311
5.289779496351038
1.9051636831375696
32.53115423383461
64.31833753549192
46.59616551661059
10.07107265798669
36.69310286629023
31.198187486770944
6.978616901353787
242.99136280223124
13.140422847731609
2.3924783561338843
37.4870332389039
44.459489306652046
19.275235841218855
15.128891577174763
72.43245402760569
18.384274977666088
47.275735751023014
112.87517543220214
17.330052586441568
0.304997202739414
3.8116261287528883
3.1929721453741213
25.75793813989265
2.3233964875342137
15.359182925983038
5.643916469599127
137.55245625859615
65.18387402131339
9.11537290324368
13.2136735058202
404.1625533812569
21.895943867850992
10.96841595730202
265.5898397183259
2.9247891329946363
36.05144014408443
5.933385700140193
13.184746737561914
9.107207305381543
2.3453463941164907
0.18024819999507374
100.41585597240211
26.512863474623654
28.189782595520402
13.265394888658225
32.96131155268021
5.784167992349191
167.35886197007014
27.775731445764723
21.072525324529238
44.56945856242659
29.292347137527447
15.804653412667742
6.081200590169375
38.781415968327195
5.316923735033384
2112.450287237109
77.90412510252497
56.14280820277078
274.5661522297298
133.9784448958991
3.5764439977021847
28.271123556210306
38.67023948976724
1.498282932952876
5.956954289390176
13.03553120981769
116.79486865146797
39.71818362629831
36.87846445438609
61.88427596561877
108.4802819526649
42.03498606741579
7.0650682625089605
76.23818690622443
254.80505883496764
23.404937395092272
242.2575278502142
557.3344352851033
47.56514999355885
0.3379687575960611
37.47304475839004
0.27558439749598307
15.13943648085616
14.83128344444368
93.82125772447601
288.25257011398304
339.9913715123231
41.21748427274634
279.6781833547864
1515.8829986351416
483.57653016378913
5.267187047800188
7.566585186699896
28.20563445909404
16.643223709874103
16.957321203962874
5.283778681942732
5.577188353368787
8.98952184472019
1.2972089732815255
94.74526347107725
38.37253103901253
173.62036209155923
23.16100524989222
39.798490351672946
13.035475748626181
6.830547975394151
176.6064750235622
193.44302402818386
7.2999204215166715
190.23273662289398
204.92598362823404
14.921487623800362
25.206445283668682
29.16609910029589
138.37848287345574
67.32384701350459
45.31448876672926
80.24566498431965
127.56865692598186
106.9941551835047
0.5047084721211688
3.895136914636191
14.463867493967781
323.99751386735636
186.76533548396202
13.582676039843326
20.68077869527414
45.12253787332125
24.644346063069577
31.770024648114468
16.644625568615126
74.26230393162177
576.3770246241695
5.401280794537614
73.72194783266947
16.028270106024085
4.836181215934986
31.009724094970085
52.81393525561102
1.9454279503113372
13.071443775507666
16.32788835901349
174.3006028068214
44.42456290752263
141.774366670551
17.57703537485258
132.29862811269524
30.38202792621171
12.712077085074647
30.119661471176396
8.560676264378387
3.443871913283651
6.8232808684183635
230.39412607525708
5.185628944139951
58.4463928727897
34.237483796342104
30.598412358538337
72.84989000628649
2.6913418373506897
40.11524334459622
3.9815097412443783
2.049464839759704
19.998555900971088
111.36386071406919
4.183196358769811
6.868718459226593
84.34567546930002
4.38253534490078
8.292751331594717
334.6933288990843
371.0603513236862
21.10283807267562
2.399078625139506
115.69781168776355
11.360841395194878
6.410493230587442
29.26661180210705
38.37874986763513
21.593785822790906
1.9524275772774258
13.520872541449645
8.942744977926518
41.49130946951124
13.427999340776537
44.99443167387297
41.876423721963086
291.1835660708766
1198.073761242181
1.538860314523518
19.07366034547633
27.532756272996433
34.086010205508515
1.8383602432989363
2.6592604773490396
9.40616970593158
19.487260597154933
10.943538960401154
356.2001436116499
11.843323616808368
27.597126508442337
0.13521620201073442
3.0463014768501457
40.67465529268828
6.723617977618816
13.227322652775207
9.527216419517467
877.8988848554685
1008.2996708156913
67.63913913258119
126.7259346236644
101.68608775607828
3.727333865561331
2.8605349813328678
18.12613779016814
7.874508962639829
2.8625631927157187
9.127375941625456
35.522875951216854
1233.2614003650435
34.1378869810372
217.88718091136312
8.023766873007167
7.580834709513314
17.53480172665137
103.10951134473936
36.95400286972794
19.76151529573757
71.1685836026088
21.347406645953832
6.174278710510817
388.613137577613
16.172981401451995
144.88808547718887
1.54287781317552
1.1017101129261853
345.444139557876
22.090986298487888
67.23087205103548
606.700792261009
7.400262938921089
375.5726363881102
270.8703408782818
10.602322759938016
12.959974337096424
4.626306379394547
150.89256187707392
15.293779953769834
5.649129631035631
64.33749804059269
76.33529965438821
901.1924497885819
10.384800079090837
56.08395615475697
6.013533152684695
169.50990061793186
30.349514447549716
0.3587011943114957
65.46223357326106
50.817805937745874
88.27363086247136
78.18634668091408
530.8417837723817
17.302935825883008
5.842761982195605
799.9250543868817
61.672083170916174
3.672400234838233
6.519300889782985
3.591325906900983
4.190897988318206
13.14044415156192
141.88806762462792
1.0932320186870261
2.292838454164912
23.218165244670082
11.725012833480834
16.87189474695514
18.338341406760467
28.329610633810802
8.969634904649036
6.537351063190167
20.42376746857928
1.6351469619356223
286.5282562144062
76.66994271390794
122.06543911953628
18.647821972311277
697.5934398429717
420.1841586475682
105.35677517110176
252.65158129756605
17.01771611682997
238.52152473356432
11.385735061700581
23.964101109466405
3.2806167399782944
9.98342186885149
2250.2920725116815
0.21238516853299125
7.156885373801981
480.8803297063194
252.24454417594154
32.63166502503925
12.48755138672888
238.25367465770793
137.17732487987476
23.458844832402285
25.841400302675382
7.567429140001107
993.7259070325428
14.821109436588227
527.4187496838937
500.07109874343115
129.62429732329514
10.699546175954161
179.0992181647409
21.315398175528045
108.78398385398698
3.15479702253029
2.292084445747952
5.111569687228746
19.982107821388023
174.2958638873515
69.84028652241086
70.70728365482297
6.964059726047384
8.876475058820553
7.946055420857002
7.607674857397309
3.4468511786169898
1.0109707458145956
938.3865392911623
181.02371459694035
43.59760874658434
14.454661001588338
37.511832804886104
16.00992255543253
142.6929224628574
129.68811945546926
43.43281289133803
389.99116194747825
143.94818045658695
16.277113027393163
2.026977496564202
20.15211538459314
34.8913116614729
51.272906835913815
47.246410711610224
45.670350788984386
37.281858848946584
14.60714815274226
40.868470791822986
34.240980619712055
1.7633245386315655
6.762566006743289
3.5572244175561143
3.843374213943579
18.284106815698372
19.37128628800323
76.33870570596319
118.8917037733986
697.161322429174
2.2704329061832125
4.930221271844311
10.438729927425317
51.87430061345197
147.40075310439514
11.507857277199669
54.631192547037166
6.801690269897855
300.93316118530805
27.573168272762338
37.431799221286425
30.984353893522677
16.20018445215549
52.60820351601032
87.56934173430024
83.188571898357
16.86647263503978
27.60572064853164
22.175033291100284
92.53573260304945
10.377029930548213
2.5958340099234514
2.281041203455134
60.055315603629474
2.9474452449036956
22.6901035556922
3.5239679261466423
126.45123150518177
0.9336964138949537
27.478727532899352
6.535712472954308
74.48118001541823
10.95890043418881
10.026339171434431
575.6348154452868
345.5864145919585
156.403665353823
614.5503140952974
4.988249801420531
59.57782644998423
12.094930486708703
5.953099653142162
4.125250883554216
2.9994757352887245
0.5656137598346117
37.383769661550694
1.170688830291435
9.991480156921275
51.73946862172433
101.49521815746577
234.66547333187427
9.495548847899576
5.620148201964893
4.793549795574605
232.01482075078405
6.131911543715585
0.6334037300475467
214.23667986975968
23.643515635609496
34.81692051553817
28.722842115627973
5.213123793302715
12.1991138887364
5.206387689003597
15.802738934931686
247.5447043824027
70.8994692742255
33.186867759094184
25.25515933002108
144.36741549753032
271.5202402099964
16.551359181493996
41.53084317675751
63.64626998085191
24.745488580261178
13.305630334293777
11.751663198972771
22.94109255226312
18.147670471414383
3.8141109037087717
28.84258969748123
825.7112826972094
89.54492446964858
13.152319487381378
961.8638661006331
8.490626634038902
9.620030160669529
58.646347579189815
30.46334908538689
0.7625206858817297
27.950481893427366
87.01295364900821
40.636263884311944
81.74921780098083
60.63329263200997
34.774939851090046
121.54633472027942
565.5285388019595
293.4151675569665
11.296206139625895
7.600350734439657
116.11576066452406
713.0598196615232
8.984509688898969
5.07684816027202
62.832185884516115
10.797019728046129
57.92372345989511
7.984232979813892
4.168692006452326
13.910385700878168
252.38945655655414
4.826642690657048
906.6474678394679
4.847474367153906
114.1076113941631
47.50477032336341
33.103843987843454
3.7144005428310085
69.30028400856915
44.88938851810299
1.0829105964157462
3.4016017900544115
51.40905985782931
355.47910542067524
6.1813635282329304
46.43061427768674
555.1996542432805
129.40249541479335
28.330604787813392
24.36927065852664
3.491525852752274
122.72567904727161
3.97601287563102
58.050516275918945
32.17269230591205
44.25925879412083
3.9812526336895875
7.429591024608
13.103968431998105
26.43118058284249
440.5640961153293
5.219127351689701
24.874442912151927
2.25319160596077
7.747072558596444
281.72506860459845
344.0447194706894
284.1379362241036
35.206461812933505
30.474649395226983
29.164683061762858
1008.4337593239842
6.669312109871908
2.600310875098318
1.1242900430940401
96.61167322210953
39.208900337643435
0.5582793638827293
541.2515543135913
500.99320745924143
4.646608521218777
445.1883334390721
4.439265146834266
71.37312266197775
24.210898122668848
59.45733465104037
124.1620495400923
13.726043413270947
467.1687988517597
25.756715734434106
11.102552945001074
44.5712491943606
17.794602770359685
17.794080726308238
59.33625696779712
42.564526722287084
32.776659178648046
61.104690574931226
116.91774367859102
214.3626227986539
5.1766247986195415
92.81275027809579
12.820838596894324
0.9052245604378918
4.055976773803346
178.37887293633347
5.030069803860705
2.482618375601504
2.3906415151956493
16.685616293216423
42.14217041473253
42.90317272420828
358.36808838531937
439.2349914982595
23.471449794555266
19.842005097118424
3.975715947481248
171.73440428509267
36.5779238040436
41.59010827999168
500.7219297218757
52.83079391877148
14.043055914804382
0.78906467006378
56.680059182803404
401.4303576091224
18.365274378831053
7.629948672491812
284.84067777016867
4.057212632739312
17.188988350486078
5.2114886443714505
64.96955095087245
3.0881759220778657
120.33788260878227
28.015740192500317
184.96767849531668
18.471463706444936
35.5209554323899
6.318341777430232
46.60762650686511
272.6157318503604
975.5835959984719
1.4971990792843288
7.932395223722781
24.8146125385852
172.2584465323681
13.552327060830967
10.979609269359472
20.27850654131351
37.899476708756374
7.226194208241276
77.75077627686659
25.141416076225443
218.84633305259493
575.353960399611
20.210878608161423
1.949016638638795
25.38866374311622
972.5658844601314
12.329514991870232
12.890110400316509
4.720114296640666
14.523241160916143
14.652939933913801
14.960984680909164
20.31631176507893
18.22876606558421
5.421688525194168
1032.2092735674917
440.68312948854674
172.24646876836235
16.528874241739288
44.382432743935624
5.088771085474523
85.35243522212738
135.0505031266084
7.087562212926128
36.730860116654036
374.34670953106416
14.2639522524329
0.3909248570722171
12.512067274849503
0.3420680787945442
19.89758628853811
13.259922802897716
12.442652270882096
539.6255531482612
30.480423780890828
68.0261081306613
37.91943902482289
2.10648333516619
470.0250781748125
25.842793772637698
750.9966377974416
3.29582394230912
81.59219223477915
6.1809435230881675
48.93753608358112
48.6457327533647
5.217496984016722
49.36268776197223
37.149456633225284
0.026345443688375714
434.7521649646548
7.4450748529581805
36.990419574536055
64.48649431917111
68.45206558898144
14.512790143471994
4.155867278135089
1.386190808188635
21.504045985477354
23.48714503805114
55.8158218387757
13.589867096319438
8.218078973600894
62.33143253833982
15.001232047597469
16.592405290097773
452.01269091133366
4.790669297050684
